1. 2348.0,-62.0,26.0	@
2. 2348.0,132.0,26.0	@
3. 2347.0,199.0,26.0
4. 2327.0,216.0,26.0
5. 2137.0,245.0,15.0
6. 2046.0,281.0,26.0
7. 1985.0,354.0,26.0
8. 1826.0,379.0,19.0
9. 1624.0,386.0,20.0
10. 1393.0,441.0,20.0
11. 1358.0,413.0,20.0	@
12. 1272.0,219.0,20.0	@
13. 1241.0,137.0,20.0
14. 1246.0,9.0,27.0
15. 1289.0,-68.0,36.0
16. 1318.0,-68.0,36.0
17. 1498.0,84.0,30.0
18. 1593.0,126.0,30.0
19. 1712.0,116.0,32.0
20. 1883.0,44.0,35.0
21. 2044.0,38.0,28.0
22. 2189.0,38.0,26.0	@
23. 2276.0,39.0,26.0
24. 2291.0,26.0,26.0
25. 2291.0,-82.0,26.0
26. 2346.0,-107.0,27.0	RTC

